    -0.599     0.519     0.363    -0.099     0.267     0.298     1.308     1.403     0.455     0.892     0.748     1.011     0.978     0.000     1.000     2.000
     1.770     1.676     0.910     0.966    -0.283    -0.819    -0.792    -0.295    -0.688     0.892     1.301     2.089     2.105     0.000     1.000     2.000
     1.178     1.676     0.363     0.434     0.817     0.856     0.783     1.403     2.742     0.892     1.301     1.550     0.415     0.000     1.000     2.000
    -0.007     1.098    -0.183     0.966     0.817     0.856     2.358     1.403     1.027    -0.757     0.748     0.471     2.105     0.000     1.000     2.000
     1.178    -0.059     2.003     2.031     2.468     1.973     0.783     0.837     2.170     1.990     0.748     1.011    -0.148     0.000     1.000     2.000
    -0.007     0.519     2.003     0.966     0.817     0.298     2.358     1.403     2.170     0.892     0.195     0.471    -0.148     0.000     1.000     2.000
    -0.599     1.098     0.363     0.434     2.468     1.414     2.358     0.837     1.027    -0.207     0.195     1.550     0.415     0.000     1.000     2.000
     1.770    -0.059     2.003     2.031     2.468     2.531     1.833     0.271     0.455     1.990     1.854     2.089     0.415     0.000     1.000     2.000
     1.178     0.519     1.456     0.434    -0.834    -0.261     0.258     0.271     0.455    -0.207     0.748    -0.068     0.415     0.033     0.967     2.000
     0.585     0.519     0.910     1.498    -0.283    -0.819    -0.792     1.403     0.455     0.892     0.748     1.550     2.105     0.000     1.000     2.000
     1.178     0.519     2.003     0.434     1.367     0.856     1.308    -0.295     1.027    -1.306     1.301    -0.068     0.978     0.000     1.000     2.000
     1.178    -0.637    -0.730    -1.164     0.267    -0.261     1.308     1.403    -0.116    -0.207     1.301    -1.146     1.541     0.038     0.962     2.000
    -1.192    -1.216    -0.730    -1.164    -0.834    -0.819    -0.792    -0.861    -0.688    -1.306    -1.464    -0.607    -1.275     1.000     0.000     1.000
    -0.599     1.676     0.910     1.498     0.817     0.298     1.308     0.837     2.170     0.892     1.301     1.550    -0.148     0.000     1.000     2.000
     1.178     1.676     0.910     2.031     1.367     1.414     0.783     1.403     1.027     1.990     0.748     0.471     1.541     0.000     1.000     2.000
     1.178     1.676     0.910     1.498     1.367     1.973     1.833     1.403     2.170     0.892     0.748     2.089     1.541     0.000     1.000     2.000
     1.178     1.676     0.910     1.498     1.367     1.414     1.833     1.403     2.170     1.441     0.748     2.089     1.541     0.000     1.000     2.000
    -0.599     0.519     2.003     2.031    -0.283     2.531     2.358     1.403     2.170     1.990     1.301     1.550     0.415     0.000     1.000     2.000
    -1.192     1.098    -0.730     1.498    -0.283     1.414     0.258     0.837     2.742     0.892     1.301    -0.068     0.978     0.000     1.000     2.000
     0.585     1.098     0.363    -1.164     1.367     0.298     0.258    -0.295    -0.116     1.441     0.748     1.011     1.541     0.000     1.000     2.000
     0.585     1.676     1.456    -1.164     1.917     2.531     2.358     1.403    -0.688     1.441     1.854     1.011     2.105     0.000     1.000     2.000
     0.585     1.676     1.456     0.966     1.367     1.414     2.358     1.968     2.170     0.892     1.301     2.089     0.978     0.000     1.000     2.000
    -0.599     0.519    -0.730     0.966     1.367     0.298    -0.267     1.968     1.027     1.441     1.301    -0.068     0.978     0.000     1.000     2.000
     1.178     1.098     0.910     0.966     1.367     1.414     2.358     1.968     1.599     1.441     0.748     1.550     2.105     0.000     1.000     2.000
     0.585     1.098     0.363    -0.099    -0.283     1.414     0.258    -0.295     0.455     0.892     1.301     1.011     1.541     0.000     1.000     2.000
     0.585     1.676     0.363     0.434     0.817     0.856     2.358     1.403     2.170     0.342     0.195     2.089     0.415     0.000     1.000     2.000
     0.585     0.519     0.910     0.966     0.267     0.298    -0.792    -0.861    -0.688     0.892     1.301     1.011     0.978     0.048     0.952     2.000
     1.178     0.519     2.003     1.498     2.468     2.531     1.308     1.403     2.170     1.441     1.854     2.089     0.978     0.000     1.000     2.000
     0.585     1.676     1.456     0.966     2.468     1.414     2.358     1.968     2.742     0.892     1.301     1.550     0.978     0.000     1.000     2.000
    -0.007     0.519    -0.730    -0.099    -0.834    -0.819    -0.792    -0.861    -0.688     0.342    -1.464     1.011    -0.148     1.000     0.000     1.000
    -0.599    -0.637     0.363     0.434    -0.834    -0.819    -0.267    -0.861    -0.688    -0.757    -0.911    -0.607    -0.712     1.000     0.000     1.000
     0.585     0.519     0.363    -1.164    -0.834     0.298    -0.792    -0.861    -0.688     1.441     0.195     1.011    -0.712     1.000     0.000     1.000
    -1.784    -1.794    -1.276    -1.164    -0.834    -0.819    -0.792    -0.861    -0.688    -1.306    -1.464    -1.146    -1.275     1.000     0.000     1.000
    -0.599    -0.059    -0.183    -0.099    -0.283    -0.261    -0.267    -0.861    -0.688    -0.757    -0.358    -0.607     0.978     1.000     0.000     1.000
    -0.007     0.519     0.363     0.966     2.468     1.414     1.833     1.403     2.742     0.342     1.301     1.011     0.978     0.000     1.000     2.000
    -1.784    -1.794    -1.276    -1.164    -0.834    -0.819    -0.792    -0.861    -0.688    -0.757    -0.911    -1.146    -1.275     1.000     0.000     1.000
    -0.007    -0.059     0.363    -0.099    -0.834    -0.819    -0.792    -0.861    -0.688    -0.207    -0.911    -1.146    -0.148     1.000     0.000     1.000
    -0.599     1.098     0.910     0.966    -0.834    -0.819    -0.792    -0.861    -0.688    -0.757    -0.911    -1.146    -0.148     1.000     0.000     1.000
    -0.599    -0.637    -0.183    -1.164    -0.834    -0.819    -0.792    -0.861    -0.688     0.892    -0.911    -1.146    -1.275     1.000     0.000     1.000
    -0.599    -0.637    -0.730    -1.164    -0.283    -0.261    -0.792    -0.861    -0.688    -1.306    -1.464    -0.607    -1.275     1.000     0.000     1.000
    -0.599    -1.794    -1.276    -1.164    -0.834    -0.819    -0.792    -0.861    -0.688    -1.306    -1.464    -1.146    -1.275     1.000     0.000     1.000
    -1.192    -1.216    -1.276    -1.164    -0.834    -0.261    -0.792    -0.861    -0.688    -0.757    -1.464    -1.146    -1.275     1.000     0.000     1.000
    -0.007    -0.059     0.363    -0.099    -0.283     1.414     0.258     1.403     1.027     0.892    -0.358    -1.146     0.415     0.003     0.997     2.000
     1.178    -0.637    -0.183     1.498     1.367     1.973     1.308     1.403     2.170     0.892     0.748     1.550     0.415     0.000     1.000     2.000
    -1.192    -1.216    -0.730    -1.164    -0.834     1.414     2.358    -0.861    -0.116    -1.306     0.195    -0.607    -0.712     1.000     0.000     1.000
    -0.007    -0.059     0.910    -0.099    -0.834    -0.819    -0.792    -0.861    -0.688    -0.207    -0.911     0.471    -1.275     1.000     0.000     1.000
    -0.599    -0.637    -0.183    -0.099     0.267     0.856     1.308     0.837     1.027     0.342     0.195     0.471     0.978     0.000     1.000     2.000
     0.585     0.519     0.363    -0.099    -0.834     0.298    -0.792    -0.861    -0.688     0.342     1.301     2.089     0.415     0.827     0.173     1.000
     0.585     1.098    -0.730    -0.631     0.267    -0.261    -0.267    -0.861    -0.688     1.441     0.748    -0.068    -0.712     0.999     0.001     1.000
    -0.599    -1.216    -1.276    -1.164    -0.834    -0.819    -0.792    -0.861    -0.688    -1.306    -0.911    -1.146    -1.275     1.000     0.000     1.000
     1.178     1.098     2.003     0.966     0.267     0.298     0.783     0.271     0.455    -0.207     0.748     1.011     0.415     0.000     1.000     2.000
     1.178     1.098    -0.730    -0.631    -0.834    -0.819    -0.792    -0.861    -0.688     0.342     0.195     0.471     0.415     1.000     0.000     1.000
    -0.007    -0.637    -0.183    -0.099    -0.834    -0.819    -0.792    -0.861    -0.688    -1.306    -1.464    -1.146    -1.275     1.000     0.000     1.000
    -1.784    -1.794     0.363    -1.164    -0.834    -0.819    -0.792    -0.861    -0.688    -1.306    -1.464    -1.146    -1.275     1.000     0.000     1.000
    -0.007     0.519     1.456     1.498     1.367    -0.819     1.308    -0.861     2.170     0.342    -1.464    -1.146    -1.275     0.133     0.867     2.000
     1.178     1.098    -0.183    -0.631     0.817    -0.819    -0.792    -0.295    -0.688    -0.757     1.301     0.471     0.415     0.991     0.009     1.000
    -0.007    -0.059    -0.183    -0.631    -0.834    -0.819    -0.792    -0.861    -0.688    -1.306    -1.464    -0.607    -1.275     1.000     0.000     1.000
     1.178     1.098    -0.183    -0.099     0.817    -0.261    -0.267     1.968     0.455    -0.207     1.854     2.089     1.541     0.000     1.000     2.000
    -0.007    -1.216    -1.276    -1.164    -0.834    -0.819    -0.267    -0.295    -0.688     0.342     0.195    -1.146    -0.148     1.000     0.000     1.000
    -0.007    -0.637    -0.183    -0.099     0.817    -0.819    -0.792    -0.861    -0.688    -0.207    -0.358    -0.068    -0.148     1.000     0.000     1.000
    -1.192    -0.637    -1.276    -1.164    -0.283    -0.261    -0.267     0.837    -0.116    -0.757    -0.358    -1.146    -1.275     1.000     0.000     1.000
    -0.007    -0.059    -1.276    -0.631    -0.834    -0.261    -0.792    -0.861    -0.688     0.342    -0.911     0.471     1.541     1.000     0.000     1.000
    -1.192    -0.059    -0.183    -1.164    -0.283    -0.261    -0.792    -0.861    -0.688     0.892     1.301    -1.146     1.541     1.000     0.000     1.000
     0.585     0.519     1.456     0.966     0.267     0.298    -0.792    -0.295    -0.116     0.342    -0.358     1.011    -1.275     0.838     0.162     1.000
     1.178     1.098     1.456     1.498     0.817     0.856     0.783     0.837     1.027    -0.757     0.748     1.011     2.105     0.000     1.000     2.000
    -0.599    -0.637    -0.730    -1.164    -0.834    -0.819    -0.792    -0.861    -0.688    -0.757    -0.911    -0.607    -1.275     1.000     0.000     1.000
     0.585     0.519     1.456     0.966    -0.283    -0.261    -0.267     0.271     1.027     0.892     0.748     1.011     0.978     0.000     1.000     2.000
    -0.007     0.519     1.456     0.966    -0.283    -0.819    -0.792    -0.861    -0.688     1.441    -0.911    -0.068    -0.712     1.000     0.000     1.000
    -0.007    -0.637    -0.730    -1.164    -0.834    -0.819    -0.792    -0.861    -0.688     0.342     0.195     0.471    -0.148     1.000     0.000     1.000
    -1.192    -1.216    -0.730    -0.631    -0.283    -0.261    -0.267     0.271    -0.116    -0.757    -0.911    -0.607    -0.712     1.000     0.000     1.000
     0.585    -0.059    -0.183    -0.099     0.267     1.973     1.308    -0.295     0.455    -0.207    -0.358     1.011    -0.148     0.003     0.997     2.000
     0.585     0.519    -1.276    -1.164    -0.834    -0.819    -0.792    -0.861    -0.688    -1.306    -0.358    -0.068    -0.712     1.000     0.000     1.000
    -1.192    -1.216    -1.276    -1.164    -0.834    -0.261     0.783     1.403    -0.688    -1.306    -1.464    -1.146    -1.275     1.000     0.000     1.000
    -1.784    -1.216    -1.276    -1.164    -0.834     0.856    -0.792     1.968    -0.688    -0.757    -1.464    -1.146    -1.275     1.000     0.000     1.000
     0.585     0.519     0.910     0.966    -0.834    -0.819     0.258    -0.295    -0.688    -1.306    -0.911    -1.146    -0.712     1.000     0.000     1.000
     0.585     1.098     0.363     0.966    -0.834     1.973     1.308    -0.295     1.599     0.342     0.748     1.011     0.415     0.000     1.000     2.000
     0.585    -0.637     0.910     0.966    -0.283     0.298     1.308     0.837    -0.688     0.892    -0.358    -0.068     0.415     0.018     0.982     2.000
     0.585    -0.637     0.910     0.966     1.367    -0.261     0.258    -0.295    -0.688    -0.757     0.195    -0.607    -0.712     0.994     0.006     1.000
     0.585    -0.059    -0.730     2.031     0.817     0.856     0.258     1.403    -0.688     1.441     1.854    -1.146    -0.148     0.000     1.000     2.000
     1.770     0.519     2.003     2.031     2.468     1.414     1.308     0.837     1.599     0.892    -1.464    -0.607     0.415     0.000     1.000     2.000
    -0.599    -0.637    -0.183     0.966     0.817    -0.819    -0.792    -0.861    -0.688     0.892    -0.911     0.471    -0.148     1.000     0.000     1.000
    -0.007    -0.637    -1.276    -0.099     2.468    -0.819    -0.792     1.968    -0.688    -0.757    -1.464    -0.068    -0.148     1.000     0.000     1.000
     0.585     1.098    -0.183    -0.631    -0.834    -0.819    -0.792    -0.295    -0.688     0.342    -0.358    -0.068    -0.712     1.000     0.000     1.000
    -1.784    -1.794    -1.276    -1.164    -0.834    -0.819    -0.267    -0.861    -0.688    -0.757    -1.464    -0.607    -0.148     1.000     0.000     1.000
    -1.192    -0.637    -1.276    -1.164    -0.834    -0.819    -0.792    -0.861    -0.688    -1.306    -0.911    -1.146    -1.275     1.000     0.000     1.000
     1.178     1.098     0.910     0.966    -0.834    -0.819    -0.792    -0.861    -0.688    -0.757    -1.464    -0.607     0.415     1.000     0.000     1.000
    -1.784    -1.216    -1.276    -1.164    -0.834    -0.819    -0.792    -0.861    -0.688    -1.306    -1.464    -1.146    -1.275     1.000     0.000     1.000
    -1.192    -1.216    -0.730    -0.631    -0.834    -0.819    -0.792    -0.861    -0.688    -1.306    -1.464    -1.146    -0.148     1.000     0.000     1.000
    -0.007    -0.637    -1.276    -0.631    -0.834    -0.819    -0.792    -0.295    -0.688     0.892    -0.358    -0.068    -1.275     1.000     0.000     1.000
    -0.007    -0.059     1.456     1.498    -0.283    -0.261     0.258    -0.295    -0.116    -1.306     0.748    -0.068    -0.712     0.961     0.039     1.000
     1.770     1.676     2.003     2.031    -0.834     2.531     1.833     1.968     2.170     1.990     1.301    -0.068     2.105     0.000     1.000     2.000
    -0.007    -1.216     0.363    -0.099    -0.283    -0.819    -0.792    -0.861    -0.688    -1.306     0.195    -0.607     0.415     1.000     0.000     1.000
     0.585     0.519     0.910     0.966    -0.283     1.414    -0.267    -0.295    -0.116     0.892     0.195    -0.607     0.415     0.052     0.948     2.000
    -0.599    -1.216    -1.276    -0.631     1.367     1.973     0.258     1.403    -0.116     1.441     1.301     1.011    -0.148     0.000     1.000     2.000
     1.770     0.519     1.456     2.031    -0.283     0.298    -0.267    -0.295    -0.116    -0.757    -0.358    -0.607    -0.712     0.863     0.137     1.000
    -1.784    -0.059    -1.276    -1.164     0.267    -0.819    -0.792    -0.861    -0.688    -0.757    -1.464    -1.146    -1.275     1.000     0.000     1.000
    -1.192    -1.794    -0.730    -0.631    -0.834    -0.819    -0.792    -0.861    -0.688    -1.306    -0.358    -0.607    -1.275     1.000     0.000     1.000
    -0.599    -0.637    -0.183    -0.099    -0.283    -0.819     0.783    -0.295     0.455     0.892     1.301     1.011     0.978     0.160     0.840     2.000
     0.585     1.098    -0.183     0.434    -0.834    -0.261    -0.792    -0.861    -0.116    -0.207     0.748     0.471     0.978     0.986     0.014     1.000
     0.585    -1.216    -1.276    -1.164    -0.834    -0.819    -0.792    -0.861    -0.688    -1.306    -0.911    -1.146    -1.275     1.000     0.000     1.000
     1.178     1.098     0.910    -0.099     1.917     1.973    -0.267     0.271     2.170     0.342     0.195    -0.068     0.978     0.000     1.000     2.000
    -0.599    -0.059    -1.276    -0.631    -0.834    -0.819    -0.792    -0.861    -0.688    -1.306    -0.911    -0.607    -0.712     1.000     0.000     1.000
     0.585    -1.794    -1.276    -1.164     0.267    -0.819    -0.267    -0.861    -0.688     0.892    -0.358    -0.607    -0.712     1.000     0.000     1.000
    -1.192    -1.216    -1.276    -0.099    -0.834    -0.819    -0.792    -0.861    -0.688    -0.757    -0.911    -1.146    -1.275     1.000     0.000     1.000
    -0.007    -0.059    -1.276    -1.164    -0.834    -0.819    -0.792    -0.861    -0.688    -0.757    -0.911    -0.607    -0.712     1.000     0.000     1.000
    -1.192    -0.637    -0.730    -1.164    -0.834    -0.819    -0.792    -0.861    -0.688    -1.306    -1.464    -1.146    -1.275     1.000     0.000     1.000
    -0.599    -0.637     0.363    -1.164    -0.834    -0.819    -0.792    -0.861    -0.688     0.342    -0.358    -1.146    -1.275     1.000     0.000     1.000
     1.178     1.098     0.910     0.966    -0.834     0.856    -0.267     0.837    -0.688     0.892     0.748    -0.068    -0.148     0.008     0.992     2.000
     0.585    -0.059    -0.730    -1.164     1.367    -0.819    -0.792     0.271     1.027    -1.306     0.195     0.471     0.415     0.989     0.011     1.000
    -0.599    -0.059     0.910    -0.631    -0.834    -0.819    -0.792    -0.861    -0.688    -1.306    -1.464    -0.068    -1.275     1.000     0.000     1.000
    -1.192    -1.216    -1.276    -1.164    -0.834    -0.819    -0.792    -0.861    -0.688    -1.306    -0.358    -1.146    -0.148     1.000     0.000     1.000
    -1.192    -1.216    -1.276    -1.164    -0.283    -0.819    -0.792    -0.861    -0.688    -1.306     0.748    -1.146    -0.712     1.000     0.000     1.000
     0.585     0.519    -0.183    -0.099     1.367     0.856     0.783     0.271    -0.116    -0.757    -0.911    -0.607     0.415     0.359     0.641     2.000
     1.178     1.098     0.363    -0.631    -0.283    -0.819    -0.267     0.837    -0.116     0.342     0.748     1.011     1.541     0.014     0.986     2.000
    -1.784    -1.216    -0.730    -0.631     0.267    -0.261    -0.267    -0.295    -0.116    -0.207     0.748     0.471     0.978     1.000     0.000     1.000
    -0.599    -0.637    -0.183    -0.099    -0.283     1.414     1.833     0.271     1.027    -0.207     1.301     1.011     0.978     0.000     1.000     2.000
    -0.599    -0.059    -0.730     0.434    -0.283    -0.261    -0.267    -0.295    -0.116    -0.207     0.748     0.471     0.978     0.986     0.014     1.000
     0.585    -0.637    -1.276    -1.164    -0.834     0.856    -0.792    -0.861    -0.688    -0.757    -0.911    -0.607    -0.712     1.000     0.000     1.000
    -0.599    -0.059     0.910     0.434     0.817    -0.261     0.258     0.837    -0.116    -0.207     0.748     1.011     0.978     0.003     0.997     2.000
    -0.599     0.519    -0.183    -0.099     0.817    -0.261     0.258     0.271    -0.688     0.342     0.195    -0.068     0.415     0.919     0.081     1.000
    -1.784    -1.794    -1.276    -1.164    -0.283     0.856     1.308    -0.295    -0.688    -0.207    -1.464    -1.146    -1.275     1.000     0.000     1.000
    -1.784    -1.216    -1.276    -1.164    -0.834    -0.819    -0.792    -0.295    -0.688     0.342     0.748    -1.146     0.978     1.000     0.000     1.000
     0.585     1.098     0.910     0.966     0.817    -0.261    -0.267     1.403     1.599    -0.757     0.748    -0.607    -0.148     0.000     1.000     2.000
    -0.007    -0.059    -0.183    -0.099    -0.834     1.414    -0.792     0.271    -0.688     0.892     1.301     1.011     0.978     0.126     0.874     2.000
     1.770     1.676     2.003     2.031    -0.834    -0.819    -0.267    -0.861    -0.688     1.990     0.195     1.011     0.978     0.003     0.997     2.000
     1.178     0.519    -0.730    -0.099    -0.283    -0.819    -0.792    -0.861    -0.688     1.441     0.748     2.089    -0.148     0.991     0.009     1.000
     1.178     0.519     0.363    -1.164    -0.834    -0.819    -0.792    -0.861    -0.688     0.892    -0.358    -0.068    -0.712     1.000     0.000     1.000
    -0.599    -0.637    -0.183    -0.099     0.267     0.298     0.258     0.271     0.455    -0.207    -0.358    -0.068    -0.148     0.977     0.023     1.000
    -0.007    -0.637    -1.276    -1.164    -0.834    -0.819    -0.792    -0.861    -0.688    -0.757     0.195    -0.607     0.978     1.000     0.000     1.000
    -1.784    -1.216     0.910     0.434    -0.834    -0.819    -0.792    -0.861    -0.688     0.342    -0.358    -0.068     0.415     1.000     0.000     1.000
    -0.599    -0.059    -0.730     0.966    -0.283    -0.261     0.783     0.837     0.455    -0.757    -0.358    -0.068    -0.148     0.890     0.110     1.000
    -0.599    -0.059    -0.183     0.434    -0.283     0.298    -0.267    -0.861    -0.116     0.892     0.195    -0.068     0.978     0.983     0.017     1.000
    -0.007     0.519    -0.183    -0.099     0.817     0.856     0.783     0.271     1.027     0.892    -0.358     1.011    -0.712     0.001     0.999     2.000
     0.585     0.519    -0.730    -0.631    -0.834    -0.819    -0.267    -0.295    -0.116    -0.757     0.748     1.550     0.978     0.993     0.007     1.000
    -0.599    -1.216    -0.730    -0.631     0.817     0.298     0.258     0.271    -0.116     0.892     0.748    -0.068     0.978     0.688     0.312     1.000
    -1.784    -1.794    -1.276    -1.164    -0.834    -0.819    -0.792    -0.861    -0.688    -1.306    -1.464    -1.146    -1.275     1.000     0.000     1.000
     0.585    -0.059     0.910     0.966    -0.834    -0.261    -0.792    -0.295    -0.116    -0.757    -1.464    -0.607    -0.712     1.000     0.000     1.000
     1.178    -0.059     0.363     0.966    -0.834    -0.819    -0.792    -0.861    -0.688    -1.306    -1.464    -1.146    -0.712     1.000     0.000     1.000
     0.585     0.519    -0.183     0.434    -0.283    -0.819    -0.792     0.837    -0.688    -0.207     0.748    -1.146    -1.275     1.000     0.000     1.000
     1.770     1.676     2.003     1.498     2.468    -0.819     1.833     2.534     2.170     0.342     1.301    -0.607    -0.148     0.000     1.000     2.000
    -1.192    -1.216    -0.730     0.966    -0.283     0.298    -0.267     0.837     0.455     0.342     0.748    -0.068     0.978     0.438     0.562     2.000
     1.770     0.519    -0.183    -0.099    -0.834    -0.819    -0.792    -0.861    -0.688     0.342     0.748    -1.146    -0.712     1.000     0.000     1.000
    -0.599    -0.637    -0.183    -0.631     0.267    -0.261    -0.267    -0.861    -0.688    -0.207    -0.358    -0.607    -1.275     1.000     0.000     1.000
     0.585    -0.637    -0.730    -0.631    -0.834    -0.819    -0.792    -0.861    -0.688    -0.757     0.195    -1.146     0.978     1.000     0.000     1.000
    -0.007     0.519     0.363     0.966    -0.834    -0.819    -0.792    -0.861    -0.688    -1.306    -0.911    -0.607    -0.712     1.000     0.000     1.000
     0.585    -0.059    -0.730    -0.631    -0.834    -0.819    -0.792    -0.861    -0.688    -1.306    -1.464    -1.146    -1.275     1.000     0.000     1.000
     1.178     0.519    -0.183     0.966     0.267    -0.261    -0.267     0.271    -0.116    -0.757    -0.358    -0.607    -0.148     0.988     0.012     1.000
     1.178     1.098     0.910     0.434     0.267    -0.819    -0.267    -0.295    -0.116     1.441    -0.911     0.471    -0.148     0.793     0.207     1.000
    -1.784    -1.794     0.363    -0.631    -0.834    -0.819    -0.792    -0.295    -0.688     0.892     0.195    -0.607    -0.148     1.000     0.000     1.000
     1.178     1.098     0.910     0.434    -0.283    -0.261     0.783    -0.295    -0.116    -0.207    -0.358     1.011     0.978     0.029     0.971     2.000
    -0.599     0.519     0.910    -0.631     2.468    -0.819     0.258     1.968    -0.116    -0.207     1.854     1.011    -0.148     0.000     1.000     2.000
     0.585     1.098     0.363    -0.631     0.817    -0.819    -0.792    -0.861    -0.688     0.892    -0.911    -0.607     0.978     1.000     0.000     1.000
    -0.599    -1.216    -1.276    -1.164    -0.834    -0.819    -0.792    -0.861    -0.688    -1.306    -0.911    -1.146    -1.275     1.000     0.000     1.000
     1.178     1.098     1.456     0.966     0.267     0.298     0.258     1.403    -0.688     0.892     0.195     0.471     0.415     0.000     1.000     2.000
    -0.599    -1.216     0.363     0.434    -0.834    -0.819    -0.792    -0.861    -0.688    -1.306    -1.464    -1.146    -1.275     1.000     0.000     1.000
    -1.192    -0.637     0.363    -1.164    -0.834    -0.261    -0.267    -0.861    -0.688    -1.306    -0.911    -0.607    -0.712     1.000     0.000     1.000
    -1.784    -1.794    -0.183    -1.164    -0.834    -0.819    -0.792    -0.861    -0.688     0.892     0.748    -1.146    -1.275     1.000     0.000     1.000
    -1.784    -1.794    -1.276    -1.164    -0.834    -0.819    -0.792    -0.861    -0.688     0.342    -0.358    -0.068    -1.275     1.000     0.000     1.000
    -0.599    -0.059    -0.183    -0.099    -0.283    -0.819    -0.792    -0.861    -0.688    -1.306     0.748     0.471    -0.148     1.000     0.000     1.000
     1.178     1.098    -0.730    -0.631    -0.283     1.973     1.833    -0.295    -0.116     1.441     1.301     1.550    -0.148     0.000     1.000     2.000
     0.585     1.098    -0.730    -0.631    -0.283     1.414    -0.267    -0.295    -0.688    -0.757     0.748    -1.146     0.978     0.988     0.012     1.000
     0.585    -0.059    -1.276    -0.099     1.917     0.856    -0.267     2.534     0.455    -0.757     1.301    -0.607    -0.148     0.000     1.000     2.000
    -1.784    -1.216    -1.276    -1.164    -0.834    -0.819    -0.792    -0.861    -0.688    -1.306    -1.464    -1.146    -1.275     1.000     0.000     1.000
     1.178     1.098     0.363    -0.099    -0.834    -0.261    -0.267    -0.861    -0.688    -0.757    -0.358    -0.068    -0.712     1.000     0.000     1.000
    -1.192    -1.216    -1.276    -1.164    -0.834    -0.819    -0.792    -0.861    -0.688     0.892    -0.911    -0.607    -1.275     1.000     0.000     1.000
     0.585    -0.059    -0.183     0.966    -0.283    -0.261    -0.792     1.403    -0.116     0.892     0.195     0.471     0.978     0.053     0.947     2.000
    -0.599     1.098    -0.730     0.966     1.917     2.531     1.833     2.534     1.027     1.990     0.748     1.011     0.978     0.000     1.000     2.000
