    -0.768    -1.341    -0.872    -0.934    -0.507     0.135    -0.762    -0.490    -0.572    -1.289    -1.218    -1.755    -1.428     0.000     1.000     0.000     2.000
    -0.768    -0.762     0.420     0.392     0.244    -0.538     0.433    -0.490     0.108    -0.735    -0.640    -0.043    -0.370     0.000     1.000     0.000     2.000
    -0.206    -0.183     2.359    -0.934     2.500    -0.538     1.031     0.909     2.146    -1.289    -1.218    -1.184    -0.370     0.000     0.993     0.007     2.000
    -0.768     0.975    -0.872    -0.271    -0.507     0.135    -0.762    -0.490    -0.572     0.929     2.248     0.528     1.216     1.000     0.000     0.000     1.000
    -0.206     0.975    -0.226     0.392     0.996    -0.538    -0.762    -0.490    -0.572    -0.735    -0.640    -1.184     0.687     0.001     0.999     0.000     2.000
    -0.768    -0.183    -0.872    -0.934     0.244     2.153     2.824     3.008    -0.572     0.929     1.670     1.099    -0.370     0.000     0.000     1.000     3.000
     2.042    -0.183    -0.872    -0.934    -0.507     0.807    -0.762    -0.490    -0.572    -1.289    -1.218     0.528     0.159     0.000     1.000     0.000     2.000
    -1.330    -1.341    -0.872    -0.271    -0.507    -0.538     2.226    -0.490    -0.572     1.483    -1.218    -0.043     1.216     0.008     0.992     0.000     2.000
     1.480     1.554    -0.226     0.392    -0.507    -0.538    -0.762    -0.490    -0.572     2.038     1.670    -1.184    -0.899     1.000     0.000     0.000     1.000
     1.480     1.554    -0.226     0.392    -0.507    -0.538    -0.164    -0.490    -0.572     2.038     1.670     1.099    -1.428     1.000     0.000     0.000     1.000
     0.356     0.975    -0.226    -0.271     0.244    -0.538     1.031     0.210     0.787    -0.180    -0.063     0.528     1.216     0.405     0.595     0.000     2.000
    -1.330    -0.762    -0.872    -0.934     1.748    -0.538     1.629    -0.490    -0.572    -1.289    -1.218    -0.614    -1.428     0.000     1.000     0.000     2.000
    -1.330    -1.341    -0.872    -0.934     0.996     0.807     0.433     3.708    -0.572     2.038     2.248     1.670     1.745     0.995     0.000     0.005     1.000
     0.356     0.396     0.420     1.718    -0.507    -0.538    -0.164    -0.490    -0.572     0.374    -0.063     0.528     0.159     0.753     0.247     0.000     1.000
    -0.206     1.554    -0.872     1.055     1.748     2.825     1.629     0.909     2.146    -0.735    -0.640     0.528     1.216     0.000     0.000     1.000     3.000
    -0.768    -0.762    -0.872    -0.271    -0.507    -0.538    -0.762    -0.490    -0.572     0.929     1.093     1.670     1.745     0.999     0.001     0.000     1.000
    -0.206     0.975     1.066     1.718     0.996     0.807     1.629     1.609     2.146     1.483     1.093     1.670     1.745     0.000     0.000     1.000     3.000
     0.918     0.975    -0.872    -0.934    -0.507    -0.538    -0.762    -0.490    -0.572    -0.180    -0.063     0.528     1.216     0.232     0.768     0.000     2.000
     1.480     0.396    -0.872    -0.934    -0.507    -0.538    -0.762    -0.490    -0.572     1.483     1.670     1.670    -0.899     1.000     0.000     0.000     1.000
    -0.768     0.396    -0.226    -0.934    -0.507    -0.538    -0.762    -0.490     0.108     0.374    -0.063     0.528    -0.370     0.105     0.895     0.000     2.000
     0.356     0.396     1.066     0.392    -0.507    -0.538    -0.762    -0.490    -0.572     0.929     0.515    -0.043    -0.370     0.916     0.084     0.000     1.000
    -1.330    -1.341    -0.872    -0.934    -0.507    -0.538    -0.762    -0.490    -0.572     0.374    -0.640    -0.043     0.159     0.001     0.999     0.000     2.000
    -1.330    -0.762    -0.872    -0.934    -0.507    -0.538    -0.762    -0.490    -0.572    -0.735    -0.640    -0.043    -0.899     0.000     1.000     0.000     2.000
    -0.768    -0.762    -0.872    -0.934    -0.507    -0.538    -0.762    -0.490     0.787    -0.735    -0.640    -0.043    -0.899     0.000     1.000     0.000     2.000
     0.356    -0.762     1.066    -0.934    -0.507    -0.538    -0.762    -0.490    -0.572    -0.735    -0.640    -0.043     0.159     0.000     1.000     0.000     2.000
     2.042     2.133     2.359     3.044     2.500     1.480     2.226     0.909     3.504     2.038     2.248     1.670     1.745     0.000     0.000     1.000     3.000
     1.480     0.975     2.359    -0.271     3.251     2.825     1.629     0.210     2.825    -0.735     0.515     0.528     1.216     0.000     0.000     1.000     3.000
    -0.768    -1.341    -0.226    -0.271     0.244    -0.538    -0.164    -0.490     0.108     0.374     0.515    -0.043    -0.899     0.028     0.972     0.000     2.000
     0.918     0.975     1.066     0.392    -0.507    -0.538    -0.762    -0.490    -0.572    -0.180    -0.063     0.528    -0.370     0.239     0.761     0.000     2.000
     0.918    -0.183     0.420     0.392     2.500     2.825     1.629     3.008     1.466     0.929     0.515    -0.043     0.687     0.000     0.000     1.000     3.000
     0.918     0.975     1.066     1.055     3.251     2.825     1.629    -0.490     2.825    -0.180    -0.063    -0.614     0.159     0.000     0.000     1.000     3.000
    -0.768     2.133     0.420     2.381    -0.507    -0.538    -0.164    -0.490    -0.572     0.929     0.515     0.528     0.687     1.000     0.000     0.000     1.000
    -0.768     0.975    -0.872    -0.934    -0.507    -0.538    -0.762    -0.490    -0.572     0.374     0.515     0.528     1.216     0.911     0.089     0.000     1.000
    -0.206    -0.183    -0.872     0.392    -0.507    -0.538    -0.762    -0.490    -0.572    -0.180    -0.640    -0.614    -0.370     0.001     0.999     0.000     2.000
     1.480    -0.183    -0.872     1.055    -0.507    -0.538    -0.164    -0.490    -0.572     0.929     0.515     0.528    -0.370     0.938     0.062     0.000     1.000
     0.918    -0.762    -0.226    -0.934    -0.507    -0.538    -0.762    -0.490    -0.572    -0.735    -0.640    -0.043    -1.428     0.000     1.000     0.000     2.000
    -0.206    -0.762    -0.872    -0.271    -0.507    -0.538    -0.762    -0.490    -0.572    -0.735    -0.640    -1.184    -0.370     0.000     1.000     0.000     2.000
    -1.330    -1.341    -0.872    -0.934    -0.507    -0.538    -0.762    -0.490    -0.572    -0.735    -0.640    -1.184    -0.899     0.000     1.000     0.000     2.000
     0.918     1.554    -0.872     1.055     0.244    -0.538    -0.164    -0.490     0.787    -0.735    -0.640    -0.614    -0.899     0.001     0.999     0.000     2.000
     0.918    -0.762     1.713     0.392    -0.507    -0.538    -0.164    -0.490    -0.572     0.929     1.093    -1.184    -0.899     0.639     0.361     0.000     1.000
    -0.768     0.975     0.420    -0.934    -0.507    -0.538    -0.762    -0.490    -0.572    -0.735    -0.640    -0.043    -0.370     0.001     0.999     0.000     2.000
     2.042    -0.183    -0.872    -0.934    -0.507    -0.538    -0.762    -0.490    -0.572     0.374     1.093    -1.184    -1.428     0.075     0.925     0.000     2.000
     0.918    -1.341    -0.872    -0.934    -0.507    -0.538     2.226    -0.490    -0.572     0.374     0.515    -1.184    -1.428     0.001     0.999     0.000     2.000
    -0.768    -0.183    -0.872    -0.934    -0.507    -0.538    -0.762    -0.490    -0.572    -1.289    -1.218    -1.755    -1.428     0.000     1.000     0.000     2.000
     0.918    -0.183     3.005     1.055     4.003     0.807     2.824     2.309     2.825     1.483     1.670     1.099     1.745     0.000     0.000     1.000     3.000
    -1.330    -0.183    -0.872     1.055    -0.507    -0.538    -0.762    -0.490    -0.572     0.374     1.093     1.099     0.687     0.993     0.007     0.000     1.000
     0.356     1.554     1.066    -0.271     0.244    -0.538     2.824    -0.490    -0.572    -0.735    -0.640     0.528     1.216     0.027     0.973     0.000     2.000
    -0.206     0.396     0.420    -0.271     0.244    -0.538     0.433     2.309     0.108     0.929     1.093     1.099     0.687     1.000     0.000     0.000     1.000
     0.356     0.396    -0.872    -0.934    -0.507    -0.538    -0.762    -0.490    -0.572    -1.289    -1.218    -1.755     0.159     0.000     1.000     0.000     2.000
    -0.768    -0.183    -0.226     0.392     0.244    -0.538     0.433    -0.490     0.108     0.374    -0.063     0.528     0.687     0.300     0.700     0.000     2.000
     0.356    -0.183     1.066     0.392    -0.507    -0.538    -0.762    -0.490    -0.572    -0.735    -0.640     0.528     1.216     0.007     0.993     0.000     2.000
     2.042    -0.762     1.066     1.718    -0.507    -0.538    -0.762    -0.490    -0.572    -1.289    -1.218     0.528    -0.370     0.000     1.000     0.000     2.000
    -1.330    -0.183    -0.872    -0.934    -0.507     0.135    -0.164     0.909    -0.572    -0.180     0.515     0.528    -1.428     0.047     0.953     0.000     2.000
     1.480     1.554     2.359    -0.934    -0.507     0.135    -0.762    -0.490    -0.572     0.374     2.248     0.528    -1.428     1.000     0.000     0.000     1.000
    -0.206    -0.183    -0.226     0.392     0.244     1.480     1.031     0.210     2.146     0.374     0.515     0.528     0.159     0.013     0.003     0.983     3.000
     0.356     0.975     1.066    -0.934    -0.507     2.153    -0.762    -0.490    -0.572    -1.289    -1.218    -1.755    -1.428     0.000     1.000     0.000     2.000
     0.918    -1.341    -0.872    -0.934    -0.507    -0.538     1.629    -0.490    -0.572    -1.289    -1.218    -1.755    -1.428     0.000     1.000     0.000     2.000
     1.480     1.554     1.713     3.044     0.244    -0.538    -0.164     2.309     0.108     1.483     1.670     1.670     1.216     1.000     0.000     0.000     1.000
     0.356     0.975     1.066     1.055    -0.507    -0.538    -0.164    -0.490    -0.572     0.929     1.093     1.099     0.687     1.000     0.000     0.000     1.000
    -0.206    -0.762     1.066     0.392     0.996     0.135     0.433     0.909     0.787     0.929    -0.640    -0.043     0.159     0.079     0.920     0.000     2.000
     1.480     2.133     2.359     3.044     4.003     3.498     1.629     3.708     3.504    -1.289    -0.063    -0.043     1.216     0.000     0.000     1.000     3.000
     0.918    -0.183    -0.226     1.718    -0.507    -0.538    -0.762     0.909    -0.572    -0.735    -0.063    -0.043     0.159     0.041     0.959     0.000     2.000
    -1.330    -1.341    -0.872    -0.934    -0.507    -0.538    -0.762    -0.490    -0.572    -1.289    -1.218    -1.755    -1.428     0.000     1.000     0.000     2.000
    -1.330     0.975    -0.226    -0.271     0.244     0.135    -0.164     0.210     1.466     2.038    -0.063    -0.614     0.687     0.974     0.026     0.000     1.000
    -1.330    -0.762    -0.872    -0.934    -0.507    -0.538    -0.164    -0.490    -0.572    -1.289    -1.218    -0.614    -0.370     0.000     1.000     0.000     2.000
    -0.206    -0.183    -0.872    -0.934    -0.507    -0.538    -0.762    -0.490    -0.572    -1.289    -1.218    -0.614     0.687     0.000     1.000     0.000     2.000
     0.918    -0.183    -0.872     1.055    -0.507     1.480     1.031    -0.490     1.466     0.374     0.515    -0.043    -1.428     0.254     0.742     0.005     2.000
     0.356    -0.762    -0.872     0.392    -0.507    -0.538    -0.164    -0.490    -0.572     0.929     1.093     1.670     1.216     0.999     0.001     0.000     1.000
    -0.206     0.396     0.420     0.392    -0.507    -0.538    -0.762    -0.490    -0.572     0.929     1.093     1.099     0.687     0.999     0.001     0.000     1.000
     0.918     0.396     1.066     0.392     0.244     0.135    -0.762    -0.490     0.108    -0.735    -0.640    -0.043     0.687     0.004     0.996     0.000     2.000
    -0.768    -0.762    -0.872    -0.271    -0.507     0.807    -0.762    -0.490     0.787     0.929     0.515    -1.755    -1.428     0.011     0.989     0.000     2.000
    -1.330    -1.341    -0.872    -0.934    -0.507    -0.538    -0.762    -0.490    -0.572    -1.289    -1.218    -1.755    -1.428     0.000     1.000     0.000     2.000
     0.356    -1.341    -0.226     0.392    -0.507    -0.538    -0.164     0.909    -0.572    -1.289    -1.218    -1.755    -1.428     0.000     1.000     0.000     2.000
    -0.768    -0.762    -0.872    -0.934    -0.507    -0.538    -0.762    -0.490    -0.572    -0.735    -0.640    -0.043     0.159     0.000     1.000     0.000     2.000
     0.918     2.133    -0.226     1.718    -0.507     1.480     1.031     3.008     2.825    -1.289    -1.218     1.099    -0.899     0.000     0.000     1.000     3.000
    -0.768     2.133    -0.226     1.055     0.244    -0.538     1.031    -0.490    -0.572     0.929    -0.063    -0.043    -0.899     0.871     0.129     0.000     1.000
    -1.330    -1.341    -0.872    -0.934    -0.507    -0.538    -0.762    -0.490    -0.572     0.374     0.515     1.670    -1.428     0.132     0.868     0.000     2.000
     0.356    -0.762     1.066     0.392    -0.507    -0.538    -0.164     0.210    -0.572     0.929    -0.063    -0.614    -0.899     0.072     0.928     0.000     2.000
     0.356     0.975     1.066     1.055    -0.507     2.153    -0.164     0.210     0.108     0.929     0.515    -0.043     0.687     0.986     0.004     0.010     1.000
    -1.330     0.396    -0.872    -0.934    -0.507    -0.538    -0.762    -0.490    -0.572     0.929     1.093    -0.043     0.687     0.975     0.025     0.000     1.000
    -1.330    -0.762    -0.872    -0.934    -0.507    -0.538    -0.762    -0.490    -0.572     0.929    -0.063    -1.184    -1.428     0.002     0.998     0.000     2.000
     2.042     0.975     1.713     1.718     0.244    -0.538    -0.762     0.210     0.108    -0.735    -0.063    -0.043    -0.370     0.127     0.873     0.000     2.000
    -0.768    -1.341     1.066    -0.271    -0.507    -0.538    -0.762    -0.490    -0.572    -0.735    -1.218    -1.184     0.687     0.000     1.000     0.000     2.000
     0.356    -1.341    -0.872    -0.934    -0.507    -0.538    -0.762    -0.490    -0.572    -0.735    -0.640    -1.184    -1.428     0.000     1.000     0.000     2.000
    -1.330    -0.762    -0.226    -0.934    -0.507    -0.538    -0.164    -0.490    -0.572     0.374     0.515    -0.614     0.159     0.041     0.959     0.000     2.000
     0.918    -0.762     1.713    -0.271    -0.507    -0.538    -0.164    -0.490    -0.572     0.374    -0.063     0.528    -0.370     0.081     0.919     0.000     2.000
    -0.768    -0.183    -0.872    -0.934    -0.507    -0.538    -0.164    -0.490    -0.572    -0.735    -0.640    -1.755     0.159     0.000     1.000     0.000     2.000
    -0.768    -0.183    -0.226    -0.271    -0.507    -0.538    -0.762     0.210    -0.572     1.483     1.670     1.099     1.745     1.000     0.000     0.000     1.000
     0.356    -0.762    -0.872    -0.934     0.244    -0.538    -0.164    -0.490    -0.572    -0.735    -0.640    -1.184    -1.428     0.000     1.000     0.000     2.000
    -1.330     1.554    -0.872    -0.271    -0.507    -0.538    -0.762    -0.490    -0.572     1.483     1.670     0.528     0.687     1.000     0.000     0.000     1.000
    -1.330    -1.341    -0.872    -0.934    -0.507    -0.538    -0.762    -0.490    -0.572    -0.735    -0.640    -1.184    -0.899     0.000     1.000     0.000     2.000
    -1.330    -0.762     0.420    -0.271    -0.507    -0.538     0.433    -0.490    -0.572    -0.180    -0.640     0.528     0.687     0.003     0.997     0.000     2.000
     0.356     0.396     1.066     1.055    -0.507    -0.538    -0.762    -0.490    -0.572    -1.289    -1.218    -1.755     0.159     0.000     1.000     0.000     2.000
    -0.768     0.975     0.420    -0.934    -0.507    -0.538    -0.762    -0.490     0.787    -0.180    -0.640    -0.614     0.687     0.003     0.997     0.000     2.000
     0.356    -0.762     0.420     0.392     0.996     0.807     0.433     0.210     0.787    -0.180    -0.640    -0.614    -0.370     0.000     0.999     0.000     2.000
     0.918    -0.762    -0.872    -0.271    -0.507    -0.538    -0.762    -0.490    -0.572    -1.289    -0.640     1.099     0.687     0.000     1.000     0.000     2.000
     1.480     1.554    -0.226     0.392     1.748     2.825     1.629     1.609     0.108     0.374     0.515     1.099     0.687     0.000     0.000     1.000     3.000
    -0.206    -0.183    -0.872     0.392    -0.507    -0.538    -0.164    -0.490    -0.572     1.483     1.670     1.670     1.745     1.000     0.000     0.000     1.000
    -1.330    -0.762     0.420    -0.934    -0.507    -0.538    -0.762    -0.490    -0.572     0.374     0.515    -0.043     0.159     0.126     0.874     0.000     2.000
    -1.330    -0.762    -0.872    -0.934    -0.507    -0.538    -0.762    -0.490    -0.572    -1.289    -1.218    -1.755     1.216     0.000     1.000     0.000     2.000
    -0.206    -0.762    -0.872    -0.934    -0.507    -0.538     0.433    -0.490    -0.572    -1.289    -1.218    -0.614    -0.899     0.000     1.000     0.000     2.000
     0.356    -0.183     1.713     1.055    -0.507    -0.538     0.433    -0.490    -0.572     0.929     1.093     1.099     1.216     1.000     0.000     0.000     1.000
    -0.206     0.396     0.420     0.392     0.996     1.480     1.629     1.609     0.787    -0.180    -0.063     0.528     0.687     0.000     0.000     1.000     3.000
     0.918     0.396     1.066     1.718    -0.507     0.135    -0.164     0.210     0.108     1.483     1.093     1.670     1.216     1.000     0.000     0.000     1.000
     0.918     1.554     1.713     1.718     2.500     1.480    -0.164     3.008     0.787    -0.180    -0.063    -0.614    -0.370     0.000     0.000     1.000     3.000
    -0.768    -0.762    -0.872    -0.271    -0.507    -0.538    -0.164    -0.490    -0.572    -0.180    -0.063     0.528    -0.899     0.004     0.996     0.000     2.000
    -1.330     0.975    -0.872    -0.934    -0.507    -0.538    -0.762     0.210     2.146     1.483     1.670     1.099     1.216     1.000     0.000     0.000     1.000
    -0.768    -0.762    -0.872    -0.934    -0.507    -0.538    -0.762    -0.490    -0.572    -1.289    -1.218    -1.755    -1.428     0.000     1.000     0.000     2.000
    -0.768    -1.341     0.420    -0.934    -0.507    -0.538    -0.762    -0.490    -0.572    -0.735    -0.640     0.528     0.687     0.000     1.000     0.000     2.000
    -0.768    -1.341    -0.872    -0.934    -0.507    -0.538    -0.164    -0.490    -0.572    -0.735    -0.640    -0.043    -0.370     0.000     1.000     0.000     2.000
     0.356    -0.183     0.420     0.392     0.996     2.153     2.226     2.309     0.787     0.929     1.093     0.528     0.159     0.000     0.000     1.000     3.000
     0.918    -0.183    -0.226     0.392     0.244    -0.538     0.433    -0.490    -0.572     0.374    -0.063     0.528    -0.899     0.092     0.908     0.000     2.000
    -0.768     0.396    -0.226    -0.934    -0.507     0.807    -0.762    -0.490     0.787    -1.289    -1.218     1.099     0.687     0.000     1.000     0.000     2.000
     0.356    -0.183    -0.226     0.392    -0.507     1.480     1.031    -0.490     0.787    -0.180    -0.063     0.528    -0.370     0.038     0.962     0.000     2.000
     0.918    -0.183    -0.872     0.392    -0.507    -0.538    -0.762    -0.490    -0.572    -0.180    -1.218    -0.614     0.159     0.000     1.000     0.000     2.000
     2.042    -0.762     1.066    -0.934    -0.507    -0.538    -0.762    -0.490    -0.572    -1.289    -1.218    -0.043    -1.428     0.000     1.000     0.000     2.000
    -0.768    -0.762    -0.226    -0.271     0.244     0.135    -0.164     0.210     0.787    -0.180    -0.063     0.528     0.687     0.034     0.966     0.000     2.000
    -0.206    -0.762    -0.226    -0.271    -0.507     0.135    -0.762    -0.490     0.108    -0.735    -0.640    -0.614    -0.899     0.000     1.000     0.000     2.000
     0.918     0.975    -0.872     1.055    -0.507    -0.538     1.031    -0.490     0.108    -1.289    -1.218    -0.614     0.687     0.000     1.000     0.000     2.000
     0.356     2.133     1.066     1.055     1.748     2.153     2.226     0.210     0.108     1.483     1.670     1.670     1.745     0.000     0.000     1.000     3.000
